UNITS=MM
#
#Num Features
#
F 720

#
#Feature symbol names
#
$0 r50.0
$1 donut_rc11150.0x7050.0x50.0xr25.0
$2 donut_r6950.0x6875.0
$3 donut_r8550.0x8475.0
$4 donut_r6850.0x6775.0
$5 donut_rc3550.0x4250.0x50.0xr25.0

#
#Feature attribute names
#

#
#Feature attribute text strings
#
#
#Layer features
#
L 208.420 -89.920 209.880 -89.920 0 P 0 
L 208.420 -92.880 208.420 -89.920 0 P 0 
L 209.880 -89.920 209.880 -92.880 0 P 0 
L 209.880 -92.880 208.420 -92.880 0 P 0 
L 204.870 -84.250 206.830 -84.250 0 P 0 
L 204.870 -87.650 204.870 -84.250 0 P 0 
L 206.830 -84.250 206.830 -87.650 0 P 0 
L 206.830 -87.650 204.870 -87.650 0 P 0 
L 218.970 -63.65750 220.430 -63.65750 0 P 0 
L 218.970 -66.61750 218.970 -63.65750 0 P 0 
L 220.430 -63.65750 220.430 -66.61750 0 P 0 
L 220.430 -66.61750 218.970 -66.61750 0 P 0 
P 212.0 -104.37250 1 P 0 8 0.0 
L 188.570 -87.170 191.530 -87.170 0 P 0 
L 188.570 -88.630 188.570 -87.170 0 P 0 
L 191.530 -87.170 191.530 -88.630 0 P 0 
L 191.530 -88.630 188.570 -88.630 0 P 0 
L 168.570 -93.470 171.530 -93.470 0 P 0 
L 168.570 -94.930 168.570 -93.470 0 P 0 
L 171.530 -93.470 171.530 -94.930 0 P 0 
L 171.530 -94.930 168.570 -94.930 0 P 0 
L 216.070 -91.770 219.030 -91.770 0 P 0 
L 216.070 -93.230 216.070 -91.770 0 P 0 
L 219.030 -91.770 219.030 -93.230 0 P 0 
L 219.030 -93.230 216.070 -93.230 0 P 0 
L 182.735001 -103.694999 182.735001 -111.054999 0 P 0 
L 182.735001 -111.054999 191.315001 -111.054999 0 P 0 
L 191.315001 -103.694999 182.735001 -103.694999 0 P 0 
L 191.315001 -111.054999 191.315001 -103.694999 0 P 0 
L 173.527651 -56.821250 173.527651 -59.821250 0 P 0 
L 173.527651 -59.821250 182.527651 -59.821250 0 P 0 
L 182.527651 -56.821250 173.527651 -56.821250 0 P 0 
L 182.527651 -59.821250 182.527651 -56.821250 0 P 0 
L 219.320 -41.003750 220.780 -41.003750 0 P 0 
L 219.320 -43.963750 219.320 -41.003750 0 P 0 
L 220.780 -41.003750 220.780 -43.963750 0 P 0 
L 220.780 -43.963750 219.320 -43.963750 0 P 0 
L 173.552651 -52.466250 173.552651 -57.466250 0 P 0 
L 173.552651 -57.466250 182.552651 -57.466250 0 P 0 
L 182.552651 -52.466250 173.552651 -52.466250 0 P 0 
L 182.552651 -57.466250 182.552651 -52.466250 0 P 0 
L 197.650 -98.270 201.050 -98.270 0 P 0 
L 197.650 -100.230 197.650 -98.270 0 P 0 
L 201.050 -98.270 201.050 -100.230 0 P 0 
L 201.050 -100.230 197.650 -100.230 0 P 0 
L 163.10 -24.0 163.10 -30.750 0 P 0 
L 163.10 -30.750 176.50 -30.750 0 P 0 
L 176.50 -24.0 163.10 -24.0 0 P 0 
L 176.50 -30.750 176.50 -24.0 0 P 0 
L 166.720 -34.148750 169.680 -34.148750 0 P 0 
L 166.720 -35.608750 166.720 -34.148750 0 P 0 
L 169.680 -34.148750 169.680 -35.608750 0 P 0 
L 169.680 -35.608750 166.720 -35.608750 0 P 0 
L 192.270 -84.1950 195.230 -84.1950 0 P 0 
L 192.270 -85.6550 192.270 -84.1950 0 P 0 
L 195.230 -84.1950 195.230 -85.6550 0 P 0 
L 195.230 -85.6550 192.270 -85.6550 0 P 0 
P 158.450 -28.050 2 P 0 8 0.0 
L 184.4250 -99.6250 190.0250 -99.6250 0 P 0 
L 184.4250 -103.2250 184.4250 -99.6250 0 P 0 
L 190.0250 -99.6250 190.0250 -103.2250 0 P 0 
L 190.0250 -103.2250 184.4250 -103.2250 0 P 0 
L 163.920 -91.970 165.380 -91.970 0 P 0 
L 163.920 -94.930 163.920 -91.970 0 P 0 
L 165.380 -91.970 165.380 -94.930 0 P 0 
L 165.380 -94.930 163.920 -94.930 0 P 0 
L 190.5450 -99.9450 192.0050 -99.9450 0 P 0 
L 190.5450 -102.9050 190.5450 -99.9450 0 P 0 
L 192.0050 -99.9450 192.0050 -102.9050 0 P 0 
L 192.0050 -102.9050 190.5450 -102.9050 0 P 0 
L 197.0 -79.550 199.40 -79.550 0 P 0 
L 197.0 -87.050 197.0 -79.550 0 P 0 
L 199.40 -79.250 202.10 -79.250 0 P 0 
L 199.40 -79.550 199.40 -79.250 0 P 0 
L 199.40 -87.050 197.0 -87.050 0 P 0 
L 199.40 -87.350 199.40 -87.050 0 P 0 
L 202.10 -79.250 202.10 -79.550 0 P 0 
L 202.10 -79.550 204.50 -79.550 0 P 0 
L 202.10 -87.050 202.10 -87.350 0 P 0 
L 202.10 -87.350 199.40 -87.350 0 P 0 
L 204.50 -79.550 204.50 -87.050 0 P 0 
L 204.50 -87.050 202.10 -87.050 0 P 0 
P 158.450 -108.70 2 P 0 8 0.0 
L 153.680 -32.558750 153.680 -36.098750 0 P 0 
L 153.680 -36.098750 159.770 -36.098750 0 P 0 
L 159.770 -32.558750 153.680 -32.558750 0 P 0 
L 159.770 -36.098750 159.770 -32.558750 0 P 0 
L 225.30 -55.520 227.20 -55.520 0 P 0 
L 225.30 -58.880 225.30 -55.520 0 P 0 
L 227.20 -55.520 227.20 -58.880 0 P 0 
L 227.20 -58.880 225.30 -58.880 0 P 0 
L 200.520 -59.420 201.980 -59.420 0 P 0 
L 200.520 -62.380 200.520 -59.420 0 P 0 
L 201.980 -59.420 201.980 -62.380 0 P 0 
L 201.980 -62.380 200.520 -62.380 0 P 0 
L 163.770 -76.1950 165.230 -76.1950 0 P 0 
L 163.770 -79.1550 163.770 -76.1950 0 P 0 
L 165.230 -76.1950 165.230 -79.1550 0 P 0 
L 165.230 -79.1550 163.770 -79.1550 0 P 0 
L 220.8950 -49.0950 223.8550 -49.0950 0 P 0 
L 220.8950 -50.5550 220.8950 -49.0950 0 P 0 
L 223.8550 -49.0950 223.8550 -50.5550 0 P 0 
L 223.8550 -50.5550 220.8950 -50.5550 0 P 0 
L 215.520 -34.088750 218.480 -34.088750 0 P 0 
L 215.520 -35.548750 215.520 -34.088750 0 P 0 
L 218.480 -34.088750 218.480 -35.548750 0 P 0 
L 218.480 -35.548750 215.520 -35.548750 0 P 0 
L 221.170 -98.320 224.130 -98.320 0 P 0 
L 221.170 -99.780 221.170 -98.320 0 P 0 
L 224.130 -98.320 224.130 -99.780 0 P 0 
L 224.130 -99.780 221.170 -99.780 0 P 0 
L 196.150 -89.250 196.150 -98.050 0 P 0 
L 196.150 -98.050 203.350 -98.050 0 P 0 
L 203.350 -89.250 196.150 -89.250 0 P 0 
L 203.350 -98.050 203.350 -89.250 0 P 0 
L 225.350 -63.020 227.250 -63.020 0 P 0 
L 225.350 -66.380 225.350 -63.020 0 P 0 
L 227.250 -63.020 227.250 -66.380 0 P 0 
L 227.250 -66.380 225.350 -66.380 0 P 0 
L 169.952651 -36.146250 173.502651 -36.146250 0 P 0 
L 169.952651 -57.496250 169.952651 -36.146250 0 P 0 
L 172.492651 -36.196250 178.592651 -36.196250 0 P 0 
L 172.492651 -39.746250 172.492651 -36.196250 0 P 0 
L 173.502651 -36.146250 173.502651 -57.496250 0 P 0 
L 173.502651 -57.496250 169.952651 -57.496250 0 P 0 
L 178.592651 -36.196250 178.592651 -39.746250 0 P 0 
L 178.592651 -39.746250 172.492651 -39.746250 0 P 0 
L 182.652651 -36.146250 186.202651 -36.146250 0 P 0 
L 182.652651 -57.496250 182.652651 -36.146250 0 P 0 
L 186.202651 -36.146250 186.202651 -57.496250 0 P 0 
L 186.202651 -57.496250 182.652651 -57.496250 0 P 0 
L 227.770 -63.420 229.230 -63.420 0 P 0 
L 227.770 -66.380 227.770 -63.420 0 P 0 
L 229.230 -63.420 229.230 -66.380 0 P 0 
L 229.230 -66.380 227.770 -66.380 0 P 0 
L 201.750 -103.760 201.750 -99.060 0 P 0 
L 204.050 -99.060 201.750 -99.060 0 P 0 
L 204.050 -99.060 204.050 -103.760 0 P 0 
L 204.050 -103.760 201.750 -103.760 0 P 0 
L 186.302651 -59.626250 188.202651 -59.626250 0 P 0 
L 186.302651 -62.986250 186.302651 -59.626250 0 P 0 
L 188.202651 -59.626250 188.202651 -62.986250 0 P 0 
L 188.202651 -62.986250 186.302651 -62.986250 0 P 0 
L 229.70 -33.80 229.70 -40.70 0 P 0 
L 229.70 -40.70 235.20 -40.70 0 P 0 
L 235.20 -33.80 229.70 -33.80 0 P 0 
L 235.20 -40.70 235.20 -33.80 0 P 0 
L 169.770 -77.550 171.250 -77.550 0 P 0 
L 169.770 -90.350 169.770 -77.550 0 P 0 
L 171.250 -76.70 172.10 -76.70 0 P 0 
L 171.250 -77.550 171.250 -76.70 0 P 0 
L 171.250 -90.350 169.770 -90.350 0 P 0 
L 171.250 -91.20 171.250 -90.350 0 P 0 
L 172.10 -75.220 184.90 -75.220 0 P 0 
L 172.10 -76.70 172.10 -75.220 0 P 0 
L 172.10 -91.20 171.250 -91.20 0 P 0 
L 172.10 -92.680 172.10 -91.20 0 P 0 
L 184.90 -75.220 184.90 -76.70 0 P 0 
L 184.90 -76.70 185.750 -76.70 0 P 0 
L 184.90 -91.20 184.90 -92.680 0 P 0 
L 184.90 -92.680 172.10 -92.680 0 P 0 
L 185.750 -76.70 185.750 -77.550 0 P 0 
L 185.750 -77.550 187.230 -77.550 0 P 0 
L 185.750 -90.350 185.750 -91.20 0 P 0 
L 185.750 -91.20 184.90 -91.20 0 P 0 
L 187.230 -77.550 187.230 -90.350 0 P 0 
L 187.230 -90.350 185.750 -90.350 0 P 0 
L 202.6550 -72.580 202.6550 -76.120 0 P 0 
L 202.6550 -76.120 208.7450 -76.120 0 P 0 
L 208.7450 -72.580 202.6550 -72.580 0 P 0 
L 208.7450 -76.120 208.7450 -72.580 0 P 0 
L 219.30 -37.128750 221.20 -37.128750 0 P 0 
L 219.30 -40.488750 219.30 -37.128750 0 P 0 
L 221.20 -37.128750 221.20 -40.488750 0 P 0 
L 221.20 -40.488750 219.30 -40.488750 0 P 0 
L 168.370 -59.928750 169.830 -59.928750 0 P 0 
L 168.370 -62.888750 168.370 -59.928750 0 P 0 
L 169.830 -59.928750 169.830 -62.888750 0 P 0 
L 169.830 -62.888750 168.370 -62.888750 0 P 0 
L 170.150 -59.53250 172.050 -59.53250 0 P 0 
L 170.150 -62.89250 170.150 -59.53250 0 P 0 
L 172.050 -59.53250 172.050 -62.89250 0 P 0 
L 172.050 -62.89250 170.150 -62.89250 0 P 0 
L 203.4250 -24.0 203.4250 -30.750 0 P 0 
L 203.4250 -30.750 216.8250 -30.750 0 P 0 
L 216.8250 -24.0 203.4250 -24.0 0 P 0 
L 216.8250 -30.750 216.8250 -24.0 0 P 0 
L 184.4250 -95.20 190.0250 -95.20 0 P 0 
L 184.4250 -98.80 184.4250 -95.20 0 P 0 
L 190.0250 -95.20 190.0250 -98.80 0 P 0 
L 190.0250 -98.80 184.4250 -98.80 0 P 0 
L 171.570 -93.470 174.530 -93.470 0 P 0 
L 171.570 -94.930 171.570 -93.470 0 P 0 
L 174.530 -93.470 174.530 -94.930 0 P 0 
L 174.530 -94.930 171.570 -94.930 0 P 0 
P 220.90 -108.70 2 P 0 8 0.0 
L 219.8950 -69.5950 222.8550 -69.5950 0 P 0 
L 219.8950 -71.0550 219.8950 -69.5950 0 P 0 
L 222.8550 -69.5950 222.8550 -71.0550 0 P 0 
L 222.8550 -71.0550 219.8950 -71.0550 0 P 0 
L 202.5550 -32.498750 202.5550 -36.038750 0 P 0 
L 202.5550 -36.038750 208.6450 -36.038750 0 P 0 
L 208.6450 -32.498750 202.5550 -32.498750 0 P 0 
L 208.6450 -36.038750 208.6450 -32.498750 0 P 0 
L 219.86250 -59.68750 220.86250 -59.68750 0 P 0 
L 219.86250 -60.78750 219.86250 -59.68750 0 P 0 
L 220.86250 -58.53750 222.96250 -58.53750 0 P 0 
L 220.86250 -59.68750 220.86250 -58.53750 0 P 0 
L 220.86250 -60.78750 219.86250 -60.78750 0 P 0 
L 220.86250 -61.93750 220.86250 -60.78750 0 P 0 
L 222.96250 -58.53750 222.96250 -58.73750 0 P 0 
L 222.96250 -58.73750 223.96250 -58.73750 0 P 0 
L 222.96250 -61.73750 222.96250 -61.93750 0 P 0 
L 222.96250 -61.93750 220.86250 -61.93750 0 P 0 
L 223.96250 -58.73750 223.96250 -61.73750 0 P 0 
L 223.96250 -61.73750 222.96250 -61.73750 0 P 0 
L 168.987294 -74.119670 170.019670 -73.087294 0 P 0 
L 170.019670 -73.087294 172.112706 -75.180330 0 P 0 
L 171.080330 -76.212706 168.987294 -74.119670 0 P 0 
L 172.112706 -75.180330 171.080330 -76.212706 0 P 0 
L 202.30 -59.026250 204.20 -59.026250 0 P 0 
L 202.30 -62.386250 202.30 -59.026250 0 P 0 
L 204.20 -59.026250 204.20 -62.386250 0 P 0 
L 204.20 -62.386250 202.30 -62.386250 0 P 0 
L 182.972651 -34.176250 185.932651 -34.176250 0 P 0 
L 182.972651 -35.636250 182.972651 -34.176250 0 P 0 
L 185.932651 -34.176250 185.932651 -35.636250 0 P 0 
L 185.932651 -35.636250 182.972651 -35.636250 0 P 0 
L 203.750 -89.220 207.150 -89.220 0 P 0 
L 203.750 -91.180 203.750 -89.220 0 P 0 
L 207.150 -89.220 207.150 -91.180 0 P 0 
L 207.150 -91.180 203.750 -91.180 0 P 0 
L 204.80 -81.03750 205.0 -81.03750 0 P 0 
L 204.80 -83.13750 204.80 -81.03750 0 P 0 
L 205.0 -80.03750 208.0 -80.03750 0 P 0 
L 205.0 -81.03750 205.0 -80.03750 0 P 0 
L 205.0 -83.13750 204.80 -83.13750 0 P 0 
L 205.0 -84.13750 205.0 -83.13750 0 P 0 
L 208.0 -80.03750 208.0 -81.03750 0 P 0 
L 208.0 -81.03750 208.20 -81.03750 0 P 0 
L 208.0 -83.13750 208.0 -84.13750 0 P 0 
L 208.0 -84.13750 205.0 -84.13750 0 P 0 
L 208.20 -81.03750 208.20 -83.13750 0 P 0 
L 208.20 -83.13750 208.0 -83.13750 0 P 0 
L 224.390 -101.5550 224.390 -112.7250 0 P 0 
L 224.390 -112.7250 235.20 -112.7250 0 P 0 
L 235.20 -101.5550 224.390 -101.5550 0 P 0 
L 235.20 -112.7250 235.20 -101.5550 0 P 0 
L 227.220 -35.670 228.680 -35.670 0 P 0 
L 227.220 -38.630 227.220 -35.670 0 P 0 
L 228.680 -35.670 228.680 -38.630 0 P 0 
L 228.680 -38.630 227.220 -38.630 0 P 0 
L 184.520 -60.020 185.980 -60.020 0 P 0 
L 184.520 -62.980 184.520 -60.020 0 P 0 
L 185.980 -60.020 185.980 -62.980 0 P 0 
L 185.980 -62.980 184.520 -62.980 0 P 0 
L 174.570 -93.470 177.530 -93.470 0 P 0 
L 174.570 -94.930 174.570 -93.470 0 P 0 
L 177.530 -93.470 177.530 -94.930 0 P 0 
L 177.530 -94.930 174.570 -94.930 0 P 0 
L 210.97750 -86.9050 217.97750 -86.9050 0 P 0 
L 210.97750 -90.4050 210.97750 -86.9050 0 P 0 
L 217.97750 -86.9050 217.97750 -90.4050 0 P 0 
L 217.97750 -90.4050 210.97750 -90.4050 0 P 0 
L 159.650 -95.570 163.050 -95.570 0 P 0 
L 159.650 -97.530 159.650 -95.570 0 P 0 
L 163.050 -95.570 163.050 -97.530 0 P 0 
L 163.050 -97.530 159.650 -97.530 0 P 0 
L 172.070 -59.920 173.530 -59.920 0 P 0 
L 172.070 -62.880 172.070 -59.920 0 P 0 
L 173.530 -59.920 173.530 -62.880 0 P 0 
L 173.530 -62.880 172.070 -62.880 0 P 0 
P 210.452651 -46.1750 3 P 0 8 0.0 
L 182.4450 -95.570 183.9050 -95.570 0 P 0 
L 182.4450 -98.530 182.4450 -95.570 0 P 0 
L 183.9050 -95.570 183.9050 -98.530 0 P 0 
L 183.9050 -98.530 182.4450 -98.530 0 P 0 
L 226.470 -69.4950 229.430 -69.4950 0 P 0 
L 226.470 -70.9550 226.470 -69.4950 0 P 0 
L 229.430 -69.4950 229.430 -70.9550 0 P 0 
L 229.430 -70.9550 226.470 -70.9550 0 P 0 
L 218.920 -49.270 220.380 -49.270 0 P 0 
L 218.920 -52.230 218.920 -49.270 0 P 0 
L 220.380 -49.270 220.380 -52.230 0 P 0 
L 220.380 -52.230 218.920 -52.230 0 P 0 
L 229.70 -26.40 229.70 -33.30 0 P 0 
L 229.70 -33.30 235.20 -33.30 0 P 0 
L 235.20 -26.40 229.70 -26.40 0 P 0 
L 235.20 -33.30 235.20 -26.40 0 P 0 
L 221.8750 -93.350 224.1750 -93.350 0 P 0 
L 221.8750 -98.050 221.8750 -93.350 0 P 0 
L 221.8750 -98.050 224.1750 -98.050 0 P 0 
L 224.1750 -93.350 224.1750 -98.050 0 P 0 
L 225.720 -31.870 228.680 -31.870 0 P 0 
L 225.720 -33.330 225.720 -31.870 0 P 0 
L 228.680 -31.870 228.680 -33.330 0 P 0 
L 228.680 -33.330 225.720 -33.330 0 P 0 
L 202.5250 -36.0750 206.0750 -36.0750 0 P 0 
L 202.5250 -57.4250 202.5250 -36.0750 0 P 0 
L 205.0650 -36.1250 211.1650 -36.1250 0 P 0 
L 205.0650 -39.6750 205.0650 -36.1250 0 P 0 
L 206.0750 -36.0750 206.0750 -57.4250 0 P 0 
L 206.0750 -57.4250 202.5250 -57.4250 0 P 0 
L 211.1650 -36.1250 211.1650 -39.6750 0 P 0 
L 211.1650 -39.6750 205.0650 -39.6750 0 P 0 
L 215.2250 -36.0750 218.7750 -36.0750 0 P 0 
L 215.2250 -57.4250 215.2250 -36.0750 0 P 0 
L 218.7750 -36.0750 218.7750 -57.4250 0 P 0 
L 218.7750 -57.4250 215.2250 -57.4250 0 P 0 
L 213.3950 -108.2250 216.7550 -108.2250 0 P 0 
L 213.3950 -110.1250 213.3950 -108.2250 0 P 0 
L 216.7550 -108.2250 216.7550 -110.1250 0 P 0 
L 216.7550 -110.1250 213.3950 -110.1250 0 P 0 
L 206.150 -52.408750 206.150 -57.408750 0 P 0 
L 206.150 -57.408750 215.150 -57.408750 0 P 0 
L 215.150 -52.408750 206.150 -52.408750 0 P 0 
L 215.150 -57.408750 215.150 -52.408750 0 P 0 
L 189.850 -52.406250 189.850 -57.406250 0 P 0 
L 189.850 -57.406250 198.850 -57.406250 0 P 0 
L 198.850 -52.406250 189.850 -52.406250 0 P 0 
L 198.850 -57.406250 198.850 -52.406250 0 P 0 
L 169.957651 -32.586250 169.957651 -36.126250 0 P 0 
L 169.957651 -36.126250 176.047651 -36.126250 0 P 0 
L 176.047651 -32.586250 169.957651 -32.586250 0 P 0 
L 176.047651 -36.126250 176.047651 -32.586250 0 P 0 
L 197.1750 -63.1250 197.1750 -69.8750 0 P 0 
L 197.1750 -69.8750 208.0750 -69.8750 0 P 0 
L 208.0750 -63.1250 197.1750 -63.1250 0 P 0 
L 208.0750 -69.8750 208.0750 -63.1250 0 P 0 
L 163.770 -73.020 165.230 -73.020 0 P 0 
L 163.770 -75.980 163.770 -73.020 0 P 0 
L 165.230 -73.020 165.230 -75.980 0 P 0 
L 165.230 -75.980 163.770 -75.980 0 P 0 
L 219.30 -71.3750 219.30 -78.1250 0 P 0 
L 219.30 -78.1250 235.20 -78.1250 0 P 0 
L 235.20 -71.3750 219.30 -71.3750 0 P 0 
L 235.20 -78.1250 235.20 -71.3750 0 P 0 
L 207.3450 -61.078750 210.3050 -61.078750 0 P 0 
L 207.3450 -62.538750 207.3450 -61.078750 0 P 0 
L 210.3050 -61.078750 210.3050 -62.538750 0 P 0 
L 210.3050 -62.538750 207.3450 -62.538750 0 P 0 
L 165.580 -73.070 167.040 -73.070 0 P 0 
L 165.580 -76.030 165.580 -73.070 0 P 0 
L 167.040 -73.070 167.040 -76.030 0 P 0 
L 167.040 -76.030 165.580 -76.030 0 P 0 
L 227.720 -55.9450 229.180 -55.9450 0 P 0 
L 227.720 -58.9050 227.720 -55.9450 0 P 0 
L 229.180 -55.9450 229.180 -58.9050 0 P 0 
L 229.180 -58.9050 227.720 -58.9050 0 P 0 
L 212.950 -70.620 215.910 -70.620 0 P 0 
L 212.950 -72.080 212.950 -70.620 0 P 0 
L 215.910 -70.620 215.910 -72.080 0 P 0 
L 215.910 -72.080 212.950 -72.080 0 P 0 
L 207.070 -84.250 209.030 -84.250 0 P 0 
L 207.070 -87.650 207.070 -84.250 0 P 0 
L 209.030 -84.250 209.030 -87.650 0 P 0 
L 209.030 -87.650 207.070 -87.650 0 P 0 
L 165.520 -93.470 168.480 -93.470 0 P 0 
L 165.520 -94.930 165.520 -93.470 0 P 0 
L 168.480 -93.470 168.480 -94.930 0 P 0 
L 168.480 -94.930 165.520 -94.930 0 P 0 
L 153.70 -36.138750 157.250 -36.138750 0 P 0 
L 153.70 -57.488750 153.70 -36.138750 0 P 0 
L 156.240 -36.188750 162.340 -36.188750 0 P 0 
L 156.240 -39.738750 156.240 -36.188750 0 P 0 
L 157.250 -36.138750 157.250 -57.488750 0 P 0 
L 157.250 -57.488750 153.70 -57.488750 0 P 0 
L 162.340 -36.188750 162.340 -39.738750 0 P 0 
L 162.340 -39.738750 156.240 -39.738750 0 P 0 
L 166.40 -36.138750 169.950 -36.138750 0 P 0 
L 166.40 -57.488750 166.40 -36.138750 0 P 0 
L 169.950 -36.138750 169.950 -57.488750 0 P 0 
L 169.950 -57.488750 166.40 -57.488750 0 P 0 
L 188.620 -81.220 191.580 -81.220 0 P 0 
L 188.620 -82.680 188.620 -81.220 0 P 0 
L 191.580 -81.220 191.580 -82.680 0 P 0 
L 191.580 -82.680 188.620 -82.680 0 P 0 
L 188.270 -78.3950 191.230 -78.3950 0 P 0 
L 188.270 -79.8550 188.270 -78.3950 0 P 0 
L 191.230 -78.3950 191.230 -79.8550 0 P 0 
L 191.230 -79.8550 188.270 -79.8550 0 P 0 
L 175.350 -63.1250 175.350 -69.8750 0 P 0 
L 175.350 -69.8750 186.250 -69.8750 0 P 0 
L 186.250 -63.1250 175.350 -63.1250 0 P 0 
L 186.250 -69.8750 186.250 -63.1250 0 P 0 
L 199.770 -100.780 201.230 -100.780 0 P 0 
L 199.770 -103.740 199.770 -100.780 0 P 0 
L 201.230 -100.780 201.230 -103.740 0 P 0 
L 201.230 -103.740 199.770 -103.740 0 P 0 
L 218.88250 -56.20750 220.34250 -56.20750 0 P 0 
L 218.88250 -59.16750 218.88250 -56.20750 0 P 0 
L 220.34250 -56.20750 220.34250 -59.16750 0 P 0 
L 220.34250 -59.16750 218.88250 -59.16750 0 P 0 
L 197.770 -100.780 199.230 -100.780 0 P 0 
L 197.770 -103.740 197.770 -100.780 0 P 0 
L 199.230 -100.780 199.230 -103.740 0 P 0 
L 199.230 -103.740 197.770 -103.740 0 P 0 
L 219.3250 -92.0750 219.3250 -78.1750 0 P 0 
L 219.3250 -92.0750 223.7250 -92.0750 0 P 0 
L 223.7250 -78.1750 219.3250 -78.1750 0 P 0 
L 223.7250 -78.1750 223.7250 -92.0750 0 P 0 
L 166.687294 -92.380330 168.780330 -90.287294 0 P 0 
L 167.719670 -93.412706 166.687294 -92.380330 0 P 0 
L 168.780330 -90.287294 169.812706 -91.319670 0 P 0 
L 169.812706 -91.319670 167.719670 -93.412706 0 P 0 
L 163.050 -95.030 178.750 -95.030 0 P 0 
L 163.050 -112.730 163.050 -95.030 0 P 0 
L 178.750 -95.030 178.750 -112.730 0 P 0 
L 178.750 -112.730 163.050 -112.730 0 P 0 
L 166.320 -57.498750 169.280 -57.498750 0 P 0 
L 166.320 -58.958750 166.320 -57.498750 0 P 0 
L 169.280 -57.498750 169.280 -58.958750 0 P 0 
L 169.280 -58.958750 166.320 -58.958750 0 P 0 
L 225.720 -26.370 228.680 -26.370 0 P 0 
L 225.720 -27.830 225.720 -26.370 0 P 0 
L 228.680 -26.370 228.680 -27.830 0 P 0 
L 228.680 -27.830 225.720 -27.830 0 P 0 
L 223.9450 -35.420 226.9050 -35.420 0 P 0 
L 223.9450 -36.880 223.9450 -35.420 0 P 0 
L 226.9050 -35.420 226.9050 -36.880 0 P 0 
L 226.9050 -36.880 223.9450 -36.880 0 P 0 
L 227.720 -48.520 229.180 -48.520 0 P 0 
L 227.720 -51.480 227.720 -48.520 0 P 0 
L 229.180 -48.520 229.180 -51.480 0 P 0 
L 229.180 -51.480 227.720 -51.480 0 P 0 
L 184.787294 -74.030330 186.880330 -71.937294 0 P 0 
L 185.819670 -75.062706 184.787294 -74.030330 0 P 0 
L 186.880330 -71.937294 187.912706 -72.969670 0 P 0 
L 187.912706 -72.969670 185.819670 -75.062706 0 P 0 
L 229.70 -56.0 229.70 -62.90 0 P 0 
L 229.70 -62.90 235.20 -62.90 0 P 0 
L 235.20 -56.0 229.70 -56.0 0 P 0 
L 235.20 -62.90 235.20 -56.0 0 P 0 
L 220.88250 -56.55750 223.84250 -56.55750 0 P 0 
L 220.88250 -58.01750 220.88250 -56.55750 0 P 0 
L 223.84250 -56.55750 223.84250 -58.01750 0 P 0 
L 223.84250 -58.01750 220.88250 -58.01750 0 P 0 
L 206.150 -56.80250 206.150 -59.80250 0 P 0 
L 206.150 -59.80250 215.150 -59.80250 0 P 0 
L 215.150 -56.80250 206.150 -56.80250 0 P 0 
L 215.150 -59.80250 215.150 -56.80250 0 P 0 
L 165.520 -76.820 166.980 -76.820 0 P 0 
L 165.520 -79.780 165.520 -76.820 0 P 0 
L 166.980 -76.820 166.980 -79.780 0 P 0 
L 166.980 -79.780 165.520 -79.780 0 P 0 
L 208.780 -72.580 208.780 -76.120 0 P 0 
L 208.780 -76.120 217.40 -76.120 0 P 0 
L 217.40 -72.580 208.780 -72.580 0 P 0 
L 217.40 -76.120 217.40 -72.580 0 P 0 
L 219.90 -52.23750 220.90 -52.23750 0 P 0 
L 219.90 -53.33750 219.90 -52.23750 0 P 0 
L 220.90 -51.08750 223.0 -51.08750 0 P 0 
L 220.90 -52.23750 220.90 -51.08750 0 P 0 
L 220.90 -53.33750 219.90 -53.33750 0 P 0 
L 220.90 -54.48750 220.90 -53.33750 0 P 0 
L 223.0 -51.08750 223.0 -51.28750 0 P 0 
L 223.0 -51.28750 224.0 -51.28750 0 P 0 
L 223.0 -54.28750 223.0 -54.48750 0 P 0 
L 223.0 -54.48750 220.90 -54.48750 0 P 0 
L 224.0 -51.28750 224.0 -54.28750 0 P 0 
L 224.0 -54.28750 223.0 -54.28750 0 P 0 
L 203.760 -70.620 206.720 -70.620 0 P 0 
L 203.760 -72.080 203.760 -70.620 0 P 0 
L 206.720 -70.620 206.720 -72.080 0 P 0 
L 206.720 -72.080 203.760 -72.080 0 P 0 
L 199.270 -34.076250 202.230 -34.076250 0 P 0 
L 199.270 -35.536250 199.270 -34.076250 0 P 0 
L 202.230 -34.076250 202.230 -35.536250 0 P 0 
L 202.230 -35.536250 199.270 -35.536250 0 P 0 
L 195.480 -104.240 195.480 -113.660 0 P 0 
L 195.480 -104.240 206.120 -104.240 0 P 0 
L 195.480 -113.660 206.120 -113.660 0 P 0 
L 206.120 -104.240 206.120 -113.660 0 P 0 
L 222.0250 -100.550 224.3250 -100.550 0 P 0 
L 222.0250 -105.250 222.0250 -100.550 0 P 0 
L 222.0250 -105.250 224.3250 -105.250 0 P 0 
L 224.3250 -100.550 224.3250 -105.250 0 P 0 
L 182.4450 -99.9450 183.9050 -99.9450 0 P 0 
L 182.4450 -102.9050 182.4450 -99.9450 0 P 0 
L 183.9050 -99.9450 183.9050 -102.9050 0 P 0 
L 183.9050 -102.9050 182.4450 -102.9050 0 P 0 
L 208.070 -77.370 209.530 -77.370 0 P 0 
L 208.070 -80.330 208.070 -77.370 0 P 0 
L 209.530 -77.370 209.530 -80.330 0 P 0 
L 209.530 -80.330 208.070 -80.330 0 P 0 
L 198.8450 -57.438750 201.8050 -57.438750 0 P 0 
L 198.8450 -58.898750 198.8450 -57.438750 0 P 0 
L 201.8050 -57.438750 201.8050 -58.898750 0 P 0 
L 201.8050 -58.898750 198.8450 -58.898750 0 P 0 
L 224.390 -79.170 224.390 -90.340 0 P 0 
L 224.390 -90.340 235.20 -90.340 0 P 0 
L 235.20 -79.170 224.390 -79.170 0 P 0 
L 235.20 -90.340 235.20 -79.170 0 P 0 
L 177.5950 -93.470 180.5550 -93.470 0 P 0 
L 177.5950 -94.930 177.5950 -93.470 0 P 0 
L 180.5550 -93.470 180.5550 -94.930 0 P 0 
L 180.5550 -94.930 177.5950 -94.930 0 P 0 
L 182.597651 -57.513750 185.557651 -57.513750 0 P 0 
L 182.597651 -58.973750 182.597651 -57.513750 0 P 0 
L 185.557651 -57.513750 185.557651 -58.973750 0 P 0 
L 185.557651 -58.973750 182.597651 -58.973750 0 P 0 
L 189.850 -56.796250 189.850 -59.796250 0 P 0 
L 189.850 -59.796250 198.850 -59.796250 0 P 0 
L 198.850 -56.796250 189.850 -56.796250 0 P 0 
L 198.850 -59.796250 198.850 -56.796250 0 P 0 
P 213.6750 -97.050 1 P 0 8 0.0 
L 220.970 -64.00750 223.930 -64.00750 0 P 0 
L 220.970 -65.46750 220.970 -64.00750 0 P 0 
L 223.930 -64.00750 223.930 -65.46750 0 P 0 
L 223.930 -65.46750 220.970 -65.46750 0 P 0 
L 213.7950 -110.6450 216.7550 -110.6450 0 P 0 
L 213.7950 -112.1050 213.7950 -110.6450 0 P 0 
L 216.7550 -110.6450 216.7550 -112.1050 0 P 0 
L 216.7550 -112.1050 213.7950 -112.1050 0 P 0 
L 229.70 -41.20 229.70 -48.10 0 P 0 
L 229.70 -48.10 235.20 -48.10 0 P 0 
L 235.20 -41.20 229.70 -41.20 0 P 0 
L 235.20 -48.10 235.20 -41.20 0 P 0 
L 157.30 -52.478750 157.30 -57.478750 0 P 0 
L 157.30 -57.478750 166.30 -57.478750 0 P 0 
L 166.30 -52.478750 157.30 -52.478750 0 P 0 
L 166.30 -57.478750 166.30 -52.478750 0 P 0 
L 208.0750 -63.1250 208.0750 -69.8750 0 P 0 
L 208.0750 -69.8750 218.9750 -69.8750 0 P 0 
L 218.9750 -63.1250 208.0750 -63.1250 0 P 0 
L 218.9750 -69.8750 218.9750 -63.1250 0 P 0 
L 208.720 -80.3750 210.680 -80.3750 0 P 0 
L 208.720 -83.7750 208.720 -80.3750 0 P 0 
L 210.680 -80.3750 210.680 -83.7750 0 P 0 
L 210.680 -83.7750 208.720 -83.7750 0 P 0 
L 224.70 -59.43750 224.70 -61.73750 0 P 0 
L 224.70 -59.43750 229.40 -59.43750 0 P 0 
L 229.40 -59.43750 229.40 -61.73750 0 P 0 
L 229.40 -61.73750 224.70 -61.73750 0 P 0 
L 225.30 -48.120 227.20 -48.120 0 P 0 
L 225.30 -51.480 225.30 -48.120 0 P 0 
L 227.20 -48.120 227.20 -51.480 0 P 0 
L 227.20 -51.480 225.30 -51.480 0 P 0 
L 160.320 -61.276250 163.280 -61.276250 0 P 0 
L 160.320 -62.736250 160.320 -61.276250 0 P 0 
L 163.280 -61.276250 163.280 -62.736250 0 P 0 
L 163.280 -62.736250 160.320 -62.736250 0 P 0 
L 223.9450 -37.570 226.9050 -37.570 0 P 0 
L 223.9450 -39.030 223.9450 -37.570 0 P 0 
L 226.9050 -37.570 226.9050 -39.030 0 P 0 
L 226.9050 -39.030 223.9450 -39.030 0 P 0 
P 177.927651 -46.306250 3 P 0 8 0.0 
L 224.390 -90.3550 224.390 -101.5250 0 P 0 
L 224.390 -101.5250 235.20 -101.5250 0 P 0 
L 235.20 -90.3550 224.390 -90.3550 0 P 0 
L 235.20 -101.5250 235.20 -90.3550 0 P 0 
L 227.220 -43.170 228.680 -43.170 0 P 0 
L 227.220 -46.130 227.220 -43.170 0 P 0 
L 228.680 -43.170 228.680 -46.130 0 P 0 
L 228.680 -46.130 227.220 -46.130 0 P 0 
L 186.2350 -36.07750 189.7850 -36.07750 0 P 0 
L 186.2350 -57.42750 186.2350 -36.07750 0 P 0 
L 188.7750 -36.12750 194.8750 -36.12750 0 P 0 
L 188.7750 -39.67750 188.7750 -36.12750 0 P 0 
L 189.7850 -36.07750 189.7850 -57.42750 0 P 0 
L 189.7850 -57.42750 186.2350 -57.42750 0 P 0 
L 194.8750 -36.12750 194.8750 -39.67750 0 P 0 
L 194.8750 -39.67750 188.7750 -39.67750 0 P 0 
L 198.9350 -36.07750 202.4850 -36.07750 0 P 0 
L 198.9350 -57.42750 198.9350 -36.07750 0 P 0 
L 202.4850 -36.07750 202.4850 -57.42750 0 P 0 
L 202.4850 -57.42750 198.9350 -57.42750 0 P 0 
L 229.70 -48.60 229.70 -55.50 0 P 0 
L 229.70 -55.50 235.20 -55.50 0 P 0 
L 235.20 -48.60 229.70 -48.60 0 P 0 
L 235.20 -55.50 235.20 -48.60 0 P 0 
L 224.6750 -66.88750 224.6750 -69.18750 0 P 0 
L 224.6750 -66.88750 229.3750 -66.88750 0 P 0 
L 229.3750 -66.88750 229.3750 -69.18750 0 P 0 
L 229.3750 -69.18750 224.6750 -69.18750 0 P 0 
L 223.8450 -42.970 226.8050 -42.970 0 P 0 
L 223.8450 -44.430 223.8450 -42.970 0 P 0 
L 226.8050 -42.970 226.8050 -44.430 0 P 0 
L 226.8050 -44.430 223.8450 -44.430 0 P 0 
L 153.70750 -73.0450 153.70750 -94.4050 0 P 0 
L 153.70750 -94.4050 163.60750 -94.4050 0 P 0 
L 163.60750 -73.0450 153.70750 -73.0450 0 P 0 
L 163.60750 -94.4050 163.60750 -73.0450 0 P 0 
P 214.559879 -83.0050 4 P 0 8 0.0 
L 195.070 -61.320 198.030 -61.320 0 P 0 
L 195.070 -62.780 195.070 -61.320 0 P 0 
L 198.030 -61.320 198.030 -62.780 0 P 0 
L 198.030 -62.780 195.070 -62.780 0 P 0 
L 219.5950 -97.520 221.0550 -97.520 0 P 0 
L 219.5950 -100.480 219.5950 -97.520 0 P 0 
L 221.0550 -97.520 221.0550 -100.480 0 P 0 
L 221.0550 -100.480 219.5950 -100.480 0 P 0 
L 165.350 -87.9450 168.750 -87.9450 0 P 0 
L 165.350 -89.9050 165.350 -87.9450 0 P 0 
L 168.750 -87.9450 168.750 -89.9050 0 P 0 
L 168.750 -89.9050 165.350 -89.9050 0 P 0 
L 205.0450 -96.270 208.0050 -96.270 0 P 0 
L 205.0450 -97.730 205.0450 -96.270 0 P 0 
L 208.0050 -96.270 208.0050 -97.730 0 P 0 
L 208.0050 -97.730 205.0450 -97.730 0 P 0 
L 188.222651 -60.026250 189.682651 -60.026250 0 P 0 
L 188.222651 -62.986250 188.222651 -60.026250 0 P 0 
L 189.682651 -60.026250 189.682651 -62.986250 0 P 0 
L 189.682651 -62.986250 188.222651 -62.986250 0 P 0 
L 157.30 -56.856250 157.30 -59.856250 0 P 0 
L 157.30 -59.856250 166.30 -59.856250 0 P 0 
L 166.30 -56.856250 157.30 -56.856250 0 P 0 
L 166.30 -59.856250 166.30 -56.856250 0 P 0 
L 209.970 -110.120 212.930 -110.120 0 P 0 
L 209.970 -111.580 209.970 -110.120 0 P 0 
L 212.930 -110.120 212.930 -111.580 0 P 0 
L 212.930 -111.580 209.970 -111.580 0 P 0 
L 209.970 -108.220 212.930 -108.220 0 P 0 
L 209.970 -109.680 209.970 -108.220 0 P 0 
L 212.930 -108.220 212.930 -109.680 0 P 0 
L 212.930 -109.680 209.970 -109.680 0 P 0 
L 172.0 -73.120 175.40 -73.120 0 P 0 
L 172.0 -75.080 172.0 -73.120 0 P 0 
L 175.40 -73.120 175.40 -75.080 0 P 0 
L 175.40 -75.080 172.0 -75.080 0 P 0 
L 191.750 -78.0950 195.150 -78.0950 0 P 0 
L 191.750 -80.0550 191.750 -78.0950 0 P 0 
L 195.150 -78.0950 195.150 -80.0550 0 P 0 
L 195.150 -80.0550 191.750 -80.0550 0 P 0 
L 176.550 -24.0 176.550 -30.750 0 P 0 
L 176.550 -30.750 189.950 -30.750 0 P 0 
L 189.950 -24.0 176.550 -24.0 0 P 0 
L 189.950 -30.750 189.950 -24.0 0 P 0 
L 210.7950 -61.078750 213.7550 -61.078750 0 P 0 
L 210.7950 -62.538750 210.7950 -61.078750 0 P 0 
L 213.7550 -61.078750 213.7550 -62.538750 0 P 0 
L 213.7550 -62.538750 210.7950 -62.538750 0 P 0 
L 176.572651 -61.376250 179.532651 -61.376250 0 P 0 
L 176.572651 -62.836250 176.572651 -61.376250 0 P 0 
L 179.532651 -61.376250 179.532651 -62.836250 0 P 0 
L 179.532651 -62.836250 176.572651 -62.836250 0 P 0 
L 191.845001 -107.084999 193.305001 -107.084999 0 P 0 
L 191.845001 -110.044999 191.845001 -107.084999 0 P 0 
L 193.305001 -107.084999 193.305001 -110.044999 0 P 0 
L 193.305001 -110.044999 191.845001 -110.044999 0 P 0 
P 220.90 -28.050 2 P 0 8 0.0 
P 190.0 -84.8750 5 P 0 8 0.0 
L 229.70 -63.450 229.70 -70.350 0 P 0 
L 229.70 -70.350 235.20 -70.350 0 P 0 
L 235.20 -63.450 229.70 -63.450 0 P 0 
L 235.20 -70.350 235.20 -63.450 0 P 0 
L 204.220 -59.426250 205.680 -59.426250 0 P 0 
L 204.220 -62.386250 204.220 -59.426250 0 P 0 
L 205.680 -59.426250 205.680 -62.386250 0 P 0 
L 205.680 -62.386250 204.220 -62.386250 0 P 0 
L 186.2550 -32.536250 186.2550 -36.076250 0 P 0 
L 186.2550 -36.076250 192.3450 -36.076250 0 P 0 
L 192.3450 -32.536250 186.2550 -32.536250 0 P 0 
L 192.3450 -36.076250 192.3450 -32.536250 0 P 0 
P 194.152651 -46.706250 3 P 0 8 0.0 
L 190.0 -24.0 190.0 -30.750 0 P 0 
L 190.0 -30.750 203.40 -30.750 0 P 0 
L 203.40 -24.0 190.0 -24.0 0 P 0 
L 203.40 -30.750 203.40 -24.0 0 P 0 
L 204.03250 -93.0 205.06250 -93.0 0 P 0 
L 204.03250 -94.10 204.03250 -93.0 0 P 0 
L 205.06250 -91.850 206.86250 -91.850 0 P 0 
L 205.06250 -93.0 205.06250 -91.850 0 P 0 
L 205.06250 -94.10 204.03250 -94.10 0 P 0 
L 205.06250 -95.250 205.06250 -94.10 0 P 0 
L 206.86250 -91.850 206.86250 -92.050 0 P 0 
L 206.86250 -92.050 207.89250 -92.050 0 P 0 
L 206.86250 -95.050 206.86250 -95.250 0 P 0 
L 206.86250 -95.250 205.06250 -95.250 0 P 0 
L 207.89250 -92.050 207.89250 -95.050 0 P 0 
L 207.89250 -95.050 206.86250 -95.050 0 P 0 
L 186.087294 -92.519670 187.119670 -91.487294 0 P 0 
L 187.119670 -91.487294 189.212706 -93.580330 0 P 0 
L 188.180330 -94.612706 186.087294 -92.519670 0 P 0 
L 189.212706 -93.580330 188.180330 -94.612706 0 P 0 
L 219.60 -92.070 221.50 -92.070 0 P 0 
L 219.60 -95.430 219.60 -92.070 0 P 0 
L 221.50 -92.070 221.50 -95.430 0 P 0 
L 221.50 -95.430 219.60 -95.430 0 P 0 
L 224.650 -51.98750 224.650 -54.28750 0 P 0 
L 224.650 -51.98750 229.350 -51.98750 0 P 0 
L 229.350 -51.98750 229.350 -54.28750 0 P 0 
L 229.350 -54.28750 224.650 -54.28750 0 P 0 
L 215.1950 -57.451250 218.1550 -57.451250 0 P 0 
L 215.1950 -58.911250 215.1950 -57.451250 0 P 0 
L 218.1550 -57.451250 218.1550 -58.911250 0 P 0 
L 218.1550 -58.911250 215.1950 -58.911250 0 P 0 
L 227.220 -28.370 228.680 -28.370 0 P 0 
L 227.220 -31.330 227.220 -28.370 0 P 0 
L 228.680 -28.370 228.680 -31.330 0 P 0 
L 228.680 -31.330 227.220 -31.330 0 P 0 
P 161.652651 -46.428750 3 P 0 8 0.0 
L 223.8450 -44.920 226.8050 -44.920 0 P 0 
L 223.8450 -46.380 223.8450 -44.920 0 P 0 
L 226.8050 -44.920 226.8050 -46.380 0 P 0 
L 226.8050 -46.380 223.8450 -46.380 0 P 0 
L 153.6450 -63.120 153.6450 -73.020 0 P 0 
L 153.6450 -73.020 175.0050 -73.020 0 P 0 
L 175.0050 -63.120 153.6450 -63.120 0 P 0 
L 175.0050 -73.020 175.0050 -63.120 0 P 0 
L 219.950 -67.150 220.950 -67.150 0 P 0 
L 219.950 -68.250 219.950 -67.150 0 P 0 
L 220.950 -66.0 223.050 -66.0 0 P 0 
L 220.950 -67.150 220.950 -66.0 0 P 0 
L 220.950 -68.250 219.950 -68.250 0 P 0 
L 220.950 -69.40 220.950 -68.250 0 P 0 
L 223.050 -66.0 223.050 -66.20 0 P 0 
L 223.050 -66.20 224.050 -66.20 0 P 0 
L 223.050 -69.20 223.050 -69.40 0 P 0 
L 223.050 -69.40 220.950 -69.40 0 P 0 
L 224.050 -66.20 224.050 -69.20 0 P 0 
L 224.050 -69.20 223.050 -69.20 0 P 0 
L 204.570 -99.080 206.030 -99.080 0 P 0 
L 204.570 -102.040 204.570 -99.080 0 P 0 
L 206.030 -99.080 206.030 -102.040 0 P 0 
L 206.030 -102.040 204.570 -102.040 0 P 0 
L 186.250 -63.1250 186.250 -69.8750 0 P 0 
L 186.250 -69.8750 197.150 -69.8750 0 P 0 
L 197.150 -63.1250 186.250 -63.1250 0 P 0 
L 197.150 -69.8750 197.150 -63.1250 0 P 0 
